v -0.014908480795151 -0.397282981947026 0.2644862109277 0.220953776044389
v -0.013286131730849 -0.580391581007821 0.453209282385704 0.17261136759809
v 0.007689182783013 -0.301710163780638 0.286342770502909 0.228090744381399
v -0.003294475130229 0.271885693958431 0.294891631373335 0.173731816523596
v -0.063364944571374 -0.402393106420492 0.191839911865091 0.198388529309206
v 0.016714066817604 -0.718726616482967 0.722961782578334 0.107983321613268
v -0.000100318512942 -0.570107075570549 0.400882033515177 0.189146511511403
v 0.008977609408924 -0.240601619939114 0.221937598935651 0.231063449669391
v -0.001309322942595 -0.79680117508239 0.638844882521992 0.137657161416465
v 0.003625153283723 0.160651827704991 0.307584623525955 0.185294655082589
v -0.080642140719725 -0.377932378933333 0.135511598773291 0.181241502932662
v -0.040286028570642 -0.631777585854276 0.158493425864944 0.052655154173077
v -0.003867459973883 -0.619263103331555 0.477556371790714 0.171963114499976
v -0.0992123037358 0.481876326249253 0.332022865908424 0.099618032724154
v -0.052084308137281 0.228154338967187 0.255415840931247 0.14083164727469
v -0.102270635927106 0.604206855083066 -0.301244552496766 0.038591851449866
v 0.00766156236542 -0.165398489207223 0.444427059153723 0.066655029228902
v -0.140724989237726 0.486216095628991 -0.533303838472238 0.034127708225349
v -0.01837631452618 -0.512508125012343 0.375093706875862 0.174128273138089
v -0.126353029348241 0.4630828204488 0.062644059913663 0.078519059511132
v -0.011383272508293 -0.401266945563778 0.314485461778882 0.203191695050175
v -0.040700198555286 -0.486113089537132 0.258843393301843 0.166868644024681
v -0.005102028156828 0.294623354203394 0.282703065931925 0.177288931473027
v -0.108876997738653 0.375212008536666 0.371708882286809 0.09853498181836
v -0.106709254822573 -0.626022475913423 -0.190358081560287 0.052968463455791
v 0.005073615061497 -0.122180055316168 0.242517667727251 0.208900127693668
v -0.005346559485399 -0.008492202536277 0.257114349486334 0.182637357791967
v -0.000901066511695 -0.745543094407355 0.541096004128094 0.120547995145194
v -0.080370816487148 -0.289629392029213 0.098630486498974 0.162556982346484
v -0.103703867148589 0.568249049798062 -0.479875692646939 0.03749634161571
v 0.007664949350849 -0.729844034110221 0.765274585811312 0.093094203527378
v 0.001455347722815 0.055566791761566 0.251475938980368 0.187215458282883
v -0.065553602159045 -0.389681459982354 0.201587898791848 0.193958372780064
v -0.00417246915807 0.210029875760062 0.35021603823939 0.155873056961057
v 0.013787993543364 0.809704466675845 0.844151110677342 0.067797463994658
v 0.023378036138021 -0.745506011252441 0.67171881564776 0.132755062047362
v 0.021199109764921 0.529918122455111 0.146116883000783 0.072869496569491
v -0.078593389360621 -0.639935234999289 0.725881813955892 0.025056126806018
v -0.002227101095051 -0.813306304890958 0.69460872483312 0.14891048382613
v 0.010195574644571 -0.703110347573713 0.619509907242403 0.139900309331898
v 0.000472990718421 0.055029960099367 0.241232266398069 0.182399029612992
v 0.129988937398697 -0.255137204046687 0.02333569270056 0.064567601536916
v -0.019934034964104 -0.237829572332501 0.29674636124125 0.190039683724061
v -0.14215219473482 0.416332935617246 -0.002382616314797 0.07015236054277
v 0.145314396831381 -0.300999733490291 0.262056202857826 0.118912255282781
v 0.002672480920227 0.089292361579068 0.260926183072038 0.185775629068663
v 0.136247981948984 0.486130887212901 0.044659748230646 0.087629685026195
v 0.017844410871637 0.828828751480596 0.942393120881667 0.064248400722666
v -0.000134595613849 -0.102967737937986 0.218565268265589 0.205749346959358
v -0.102677756197353 -0.606399092905844 -0.248612252994995 0.050318124273284
v 0.097097752968751 -0.232756017362162 0.13792804456235 0.147833871002614
v 0.001955448824569 -0.991281594252833 0.674079314187397 0.082723985288784
v 0.101173609383788 -0.24594291682635 0.19091267728597 0.160796153182349
v -0.087022106768929 -0.745755713145938 -0.426952866402065 0.037974297384067
v -0.181215310034602 -0.795873674382849 0.606253391972233 0.033954576627922
v 0.000497553440583 0.188500725200998 0.294734341360428 0.184175457944028
v -0.099493920960421 -0.624231389523351 -0.291153399389029 0.042887231832353
v -0.005857279153976 -0.290888618997598 0.323416608617901 0.19745821327768
v -0.030148838820444 0.130186418175174 0.252331862364913 0.155931176756992
v -0.000300862647524 -0.889431188823262 0.582198523663071 0.091935929693772
v 0.006502013683869 -0.024328429212127 0.240840099798291 0.186902025092735
v 0.138112521766663 -0.827645121616625 0.793920575210805 0.044458591781643
v 0.035995275662681 0.464590334457206 0.268171431214207 0.162249780832315
v 0.024551944535962 -0.750616663435839 0.749763472531769 0.106170838245259
v 0.064481801919803 0.428920126643311 0.329886429158755 0.147547837839966
v 0.089134710473624 -0.099362201600752 -0.440987400978455 0.037215961521195
v 0.002866123406779 -0.818469626825214 0.619824108993271 0.117523029778837
v -0.009635417960581 0.253963387633873 0.348920499307538 0.150730733251422
v 0.251497148419125 -0.652563231804071 0.696398740665676 0.022201674907701
v -0.104353940398233 0.546436828833821 -0.466572363308863 0.037284849697647
v -0.015158391259007 -0.423036368122093 0.229995762817988 0.204246764939249
v -0.009344299999604 -0.760679307221733 0.653171128654711 0.141813551750923
v -0.013913144352237 0.164822988530012 0.334889996433575 0.160320963603603
v 0.000503155087819 0.191537609841911 0.346988296603846 0.158016858759193
v 0.107155452165427 0.53542672846078 0.089907926671896 0.072868889148085
v 0.091421614612888 0.726769957078405 -0.186155191211731 0.043550540765265
v 0.146721892365281 -0.813096715431578 0.639969476139224 0.038699164257971
v -0.08873465504203 0.639351655375171 -0.247102451223899 0.040542342098371
v 0.100313181027922 0.755513900665639 -0.339031938049424 0.036809649728685
v 0.004959219617813 -0.159129310897953 0.230182346956161 0.22059765612139
v 0.007027475273025 0.196834535519267 0.310610697789743 0.178563135971417
v -0.110707410214026 0.567685870945467 -0.18960540953365 0.046707086548257
v 0.072056239418625 0.335574455293507 0.199623302781588 0.114779498266852
v -0.065298151750431 -0.858964465808589 -0.519440890789175 0.039815024411097
v 0.028047108794021 -0.122544410195129 0.182386049538546 0.191306875710328
v -0.08502166889301 0.333938304636858 0.23483181217616 0.129023077302691
v 0.019602126693862 -0.793239249319321 0.706649034169643 0.145420916211583
v 0.000878799974661 -0.586150283324161 0.413364137898746 0.183831565858204
v 0.150389261993897 0.451560855258563 0.069184741628429 0.092916582650424
v -0.053373067917911 -1.086360695544759 0.534028104696145 0.030645670650572
v 0.121913894395789 0.474650250743003 0.139632467344093 0.107697793603709
v -0.117594940381413 -0.820896224128994 0.771673061782291 0.060356178192445
v -0.108310115477973 0.454704075595752 -0.532475436366859 0.035725013366366
v -0.093597024928919 -0.687521696982027 -0.305705356935313 0.045811543938736
v 0.001823629856186 0.567600200975037 0.50377743152147 0.047182333014036
v -0.026284729791356 0.153946411269992 0.264748396180327 0.162771107246464
v -0.207481563525554 -0.747359108674451 0.749013879206034 0.024285153593171
v 0.128521670611787 0.439445004199137 0.191582013051322 0.124046663759565
v -0.087381293255809 -0.775446500121494 -0.423767932202029 0.039345999812534
v 0.083702916599963 -0.122453659370838 -0.446914418919799 0.035714406514953
v -0.041514213949163 -0.539955483125529 0.301378549705961 0.153805700333446
v -0.000822103080412 -1.115127347788323 0.578544718487931 0.07304547946496
v 0.019423238318241 -0.809808207256981 0.727488452536433 0.1470888399191
v 0.011422077829665 0.663110205869437 0.623523771257687 0.039994266268374
v -0.087401289093687 0.335507235114078 0.380518039338891 0.098145250651532
v -0.014117631569103 -0.597460501634772 0.526436777795676 0.138910053079977
v -0.108628433626449 -0.182097396770333 0.352921968981545 0.093975061425687
v -0.049426348349398 -0.17439126278196 0.151800725838859 0.176891579299078
v -0.001879833468035 -0.827260720932759 0.571202174960933 0.107219821106368
v -0.035619369005454 -0.534196813281852 -0.020336232175323 0.030723603917412
v 0.093922126998608 0.390386842187628 0.352721558441293 0.1192375329033
v 0.006632201471975 0.607844260212783 0.605649392135883 0.042939079747309
v 0.123706649694904 0.41075261550429 0.19757010007687 0.125162882967792
v -0.063071077923692 -0.356802798753843 0.157215741632598 0.193410575903919
v -0.061278529765129 0.444602631393191 0.226300861363831 0.152662174379743
v -0.088078936768967 -0.420661466142903 0.139753949264147 0.17705191976033
v 0.14672942177596 0.459380069138642 0.048904614966996 0.084376617579567
v -0.211543996849043 -0.736383997796253 0.574367496458213 0.02268813338491
v -0.010278018788643 0.292334787200814 0.358277046211552 0.149613611651422
v 0.009200536267371 0.798875183277066 1.060949570574283 0.05044352887167
v 0.013781412874309 0.806035678813508 0.907201535246675 0.065247117563189
v 0.144678879910219 -0.786297159843155 0.854092626774387 0.030495105283203
v 0.000999465887264 -0.68725546327532 0.594808540846024 0.151554767886133
v 0.001259745097245 -0.923609409543158 0.583042484016151 0.083734212849327
v -0.001354100904732 -0.881721586080762 0.578649735653951 0.090464438423858
v 0.172513029221602 -0.768443512402413 0.848339410491651 0.02469835315578
v -0.089316027621604 -0.657878917595587 -0.36268811336113 0.034954759096338
v 0.195008216516165 -0.770912251938212 0.68162750412704 0.026224697464442
v -0.036116342512924 -0.951359753858628 0.548574383257379 0.051196039371881
v -0.126324317608558 -0.464765023706845 -0.093033795369295 0.046929429112279
v -0.001785836787538 -0.300957417669209 0.348470815741159 0.184482204558799
v 0.063599243232981 0.209350951718647 0.194710128737584 0.095915325171622
v -0.008014732191297 -0.842622220865219 0.765497810597063 0.134113955194847
v 0.014151897634419 -0.8395873167064 0.745487197529942 0.140280029580887
v -0.204440148999582 -0.767008199433487 0.712776846708741 0.026192701542562
v 0.114119520101022 0.625987857255859 -0.069562136149242 0.046044771486525
v -0.091034954390145 -0.44372923953037 0.043932759301911 0.120106238658588
v -0.00197916245115 -0.854895222319982 0.619825830129264 0.115941608965672
v 0.134719304026692 0.377886258193448 0.103344776402811 0.063627583604539
v 0.177414259499384 -0.79860343634768 0.816878258580271 0.026907773752717
v -0.000872281486802 -0.779060249013883 0.671839732183868 0.1494163853665
v 0.088490655716282 -0.831393598000116 0.826650883741725 0.068035167071649
v 0.181924772436102 -0.773214259816533 0.616989201454717 0.026970370983046
v -0.088356169080493 -0.826475288748824 0.81333530500467 0.077557061011674
v -0.194646899872025 -0.756573996191229 0.566925559388576 0.022751661180535
v -0.058146147890143 -0.822997026494813 -0.516227436754299 0.033320361367588
v -0.017245629945364 -0.37829987949868 0.27656611552661 0.221687701796884
v -1.741132954e-06 0.044931073285958 0.218992179004498 0.170304297792272
v -0.108902914179915 0.502273569515208 0.030052663241214 0.067083495932433
v 0.002744072291812 0.523354495767173 0.417308002663324 0.060546526687107
v -0.153848722386387 -0.819418308557872 0.752323114247375 0.042363296719731
v 0.208687425243174 -0.752959472300759 0.796733211093068 0.028645743906743
v 0.084641113611369 -0.097422395075092 -0.484080151763306 0.039255609328124
v 0.115502175067674 0.57119819004575 0.015639435720558 0.056296608126076
v 0.012157874162136 -0.818138050828344 0.769438426567631 0.134557036205055
v -0.109405710721648 0.542178800343805 -0.107217818614632 0.053071841087634
v 0.016646552633723 -0.957095512128252 0.571837856574144 0.07168742740733
v 0.007504560821658 -0.05599637893252 0.42918806353156 0.067571504360946
v 0.042913318652228 -1.010140170194982 0.539386749175819 0.045921672605979
v 0.093838963541714 -0.134906732270246 0.112483742202702 0.119763894667954
v -0.000135763553503 -1.027854273552038 0.661216123894769 0.068582344788501
v -0.02628599733421 -0.70650853039745 0.769299086660341 0.066948847167121
v -0.089298303301916 -0.273664081056946 0.114081258750448 0.150919602417373
v -0.083884126142185 0.479508846520978 -0.533513530126806 0.035596716793685
v 0.016051295504199 0.759330305961001 0.78542368270524 0.058187366100587
v -0.004367120201083 -0.971923935342777 0.700449215005068 0.089265366214859
v 0.227873385692698 -0.700228320195466 0.723168325188557 0.022074942204916
v 0.031454043497335 0.24342875512059 0.335877690981147 0.141991846995648
v 0.101103952527605 0.738324930747401 -0.257970376868071 0.03644163315268
v 0.118999856021613 -0.180396950108165 -0.025666319219089 0.058656014642787
v -0.218046774073105 -0.722075283405066 0.632665542424403 0.022341286372751
v -0.080353790000606 -0.317867387185318 0.041214160103861 0.132446461060126
v -0.123105507641218 -0.559125864287844 -0.123690624679364 0.059672776453181
v 0.01686041895416 0.802361713622798 0.880860195933476 0.066805387235849
v -0.041726728765688 -0.99803106061177 0.543000871797713 0.048372075449461
v -0.011669613025354 -0.748651798018639 0.6486978054186 0.135281916452479
v 0.000753746046319 -1.079451552708119 0.581594746342306 0.072898827420366
v 0.114245307208755 -0.159334642830247 -0.095136899843901 0.061219456511105
v 0.107124503429235 0.776761202475756 -0.487896963927427 0.047686800614542
v 0.003560817467492 0.534825868886443 0.515011910271036 0.049368419710602
v 0.091759130741172 -0.171886843532242 0.14040838617907 0.147821760048574
v -0.132986916404861 -0.470792711662637 -0.035147889321756 0.069066992584799
v 0.060753777003199 0.312163275151259 0.223882249550498 0.12550613369771
v -0.088093327770861 -0.70544649161374 -0.405760567221691 0.035495323253806
v 0.045042238556502 0.176609796755195 0.227135564648576 0.129112239174019
v -0.094117354898656 -0.892990375793333 -0.523728651045931 0.034302050672573
v -0.08866897170946 -0.808981222049636 -0.501469855289336 0.046013500914694
v -0.128040717357668 -0.504503384169163 -0.07235257180058 0.05206104288163
v -0.087657718813519 0.651201157397781 -0.22013394846021 0.03802240118514
v -0.08889645448899 -0.366279571551783 0.101300051377291 0.168196878326677
v 0.118620535499239 0.595247181895143 -0.040298338518039 0.051715199760155
v -0.136847165430241 0.44382280805179 -0.027533877447664 0.070476032690762
v 0.006268978699178 -0.0127499596254 0.192292109562942 0.164776395278479
v -0.159100110775917 -0.812209925896102 0.589262121370211 0.024216013403447
v -0.12025357027568 0.455014532581099 -0.533239026151385 0.035417779441699
v -0.098231086896522 0.597913536753539 -0.341668392263467 0.036807010761037
v -0.114122067056984 0.542464761261934 -0.156218315784419 0.053078273990059
v -0.162873405473825 -0.815251949360771 0.782459478391143 0.03671052176955
v -0.023614619919432 0.460379096126018 0.2833911995059 0.166135020024065
v 0.000309753371675 0.544419984859115 0.471592559143755 0.048390505123339
v 0.133772954082178 0.523891414313123 -0.02894630742265 0.067644160078962
v -0.003035820413241 -0.715513466246909 0.734728015168187 0.09641438954783
v -0.002287152932647 -0.940487570348087 0.660547285021088 0.085168480562529
v 0.001264182551189 -0.989203845858016 0.648161423124568 0.080397285659648
v 0.013431329726775 0.689431595197351 0.70246056904162 0.045620108482631
v 0.235248311485127 -0.682976224662061 0.762473956595329 0.019490540999154
v -0.085010803340975 -0.851438377446065 -0.505509028112517 0.04506693288065
v 0.120122894583447 -0.107625331476711 -0.02794820814816 0.045557399329416
v 0.01510602366931 0.795084339858748 0.850484340383332 0.068329702027458
v 0.119603831426084 -0.118800792889843 -0.068230768507077 0.052715502660724
v 0.139799955432635 0.467030622902551 0.090509599369145 0.100593422527503
v -0.031357553063055 -0.428808187646238 -0.073136759591335 0.032335882798469
v 0.049543979291642 -1.050574171957739 0.534186440821825 0.037416235492089
v 0.098312041446587 0.741391703255688 -0.307041494078863 0.03503136480916
v 0.095550566782539 0.716124437139784 -0.14144982666079 0.038310375165826
v 0.144691021910109 -0.814890708831721 0.843319726477014 0.042629599952486
v -0.087844807268525 -0.717164325348582 -0.352275913775104 0.04305189381722
v 0.127514540838621 -0.824385645479908 0.844984978392407 0.046576341531535
v 0.203328450536839 -0.733741267432793 0.810826471879796 0.025610106886126
v 0.242472509734233 -0.669768356649642 0.628327077997448 0.017276884382326
v 0.109600433782137 0.769394102630801 -0.51109649341469 0.046660268089913
v 0.100098383357309 -0.147574962236078 -0.225618049003309 0.051274355970843
v -0.09939665385625 -0.463559668689743 0.093797394739885 0.147930737607779
v 0.058754689607366 -0.147435251578286 -0.539255899891531 0.034916822715608
v -0.19558226846312 -0.782535011485692 0.756493455549297 0.030353460841397
v -0.129155973714063 -0.558464592407532 -0.06834595744021 0.051668470819078
v -0.000319095990313 0.176063370933073 0.340287786208695 0.165451037491918
v -0.068495100939345 -0.565326343167043 0.107740240521115 0.083258590871217
v 0.207962027514829 -0.747834660827689 0.752778669170245 0.024226962948585
v 0.004937641140168 -0.079760206682522 0.426919757890496 0.067843318443114
v 0.073093731355398 0.476760483271159 0.205915985842551 0.125150024432234
v 0.018533705121836 -0.538719977192752 0.354655769793204 0.179869136722246
v 0.05395329473007 -0.198947394886771 0.292785163849964 0.165334901801667
v -0.041679271246355 0.414140381240618 0.265228581248839 0.183072211457359
v 0.08406182681878 0.472787925251494 0.192295049103613 0.12367028898905
v 0.003809979520173 0.377097419957034 0.306517249484827 0.193822244238416
v -0.227575372072752 -0.706829722057937 0.660596152227967 0.021498214914987
v -0.079013593964846 -0.89272777727596 -0.521359525523956 0.034145605776483
v 0.179480617116277 -0.806163712256816 0.782324858956702 0.031651764287199
v 0.019288799899629 0.665319507329733 0.680122566098094 0.040629809379757
v -0.002153800786992 -0.626916044837768 0.606545872585768 0.107707086048834
v -0.06729240017334 -0.585784616368572 0.231894836922046 0.10344797656973
v 0.087314694723509 -0.144869364219427 -0.340959873579217 0.038434573499662
v 0.014288103643111 -0.681165380318937 0.625662312202831 0.12994718044854
v 0.216781863200317 -0.727732124613435 0.667139049981555 0.02366016085622
v 0.011287975046184 0.630852745533447 0.637073696695468 0.041740646097923
v 0.006589933197969 -0.71135879676014 0.642374066460778 0.139393503004798
v 0.092507007299433 0.752014997997425 -0.170514858909912 0.037866309282741
v -0.015879262813808 -0.636513856198761 0.549048732789816 0.144481444134088
v 0.098970071410673 0.753254232113528 -0.384515499088434 0.040778119484128
v 0.228643645889353 -0.704031004688384 0.602478011408272 0.025029038947393
v -0.183468837752756 -0.789578698788316 0.729056436107509 0.028875983178428
v -0.101383708176924 -0.638747390432494 -0.225305904679312 0.052475280803115
v -0.088894686486001 -0.818967531949985 0.817010883865681 0.075543863981765
v -0.127585084721438 -0.596323831377031 -0.033796790050032 0.044777431032842
v 0.005498668631199 0.163391438010237 0.289970115887173 0.185947726808004
v 0.001148355110216 -0.838298309485437 0.725047628479908 0.149643285330815
v 0.204428712766375 -0.757972444252252 0.654258925020385 0.027601564795912
v 0.09131564616576 -0.104479381956209 -0.281612254897326 0.043511641385127
v 0.003145023088944 -0.014924668204281 0.429245021357132 0.071807680468566
v -0.235637054344833 -0.673720310207744 0.755211786462143 0.018165739248823
v -0.089674557271168 -0.209418589778282 0.120668241229486 0.143315915936579
v 0.013561177479764 0.055070688487262 0.370976296292141 0.121362457609739
v 0.161090653667149 -0.805301327424527 0.698090611608173 0.041697747608923
v 0.123395118392263 0.61583621991128 -0.113188451870422 0.054299703078704
v -0.000762757042664 -1.126560584348181 0.595513020655039 0.075112823780212
v -0.102696406539227 0.603656665755303 -0.229093517307168 0.042287199853686
v -0.099846560824349 0.587657989008732 -0.193820704995353 0.044933236005749
v -0.001809495902734 -1.123399581710993 0.580203437708286 0.071996912056476
v 0.000108657673153 -1.048293337970976 0.606534825053575 0.077450178269135
v 0.121440396081721 -0.156768236519204 0.001138057470658 0.061449168307711
v -0.12322652244748 -0.512782139863322 -0.120605057562731 0.052514085903352
v 0.10527986331558 0.647211347270551 -0.098506911675352 0.045244499629618
v 0.012810328803629 -0.100042473435009 0.178463248333656 0.188530376053776
v 0.248450769267337 -0.665451850808281 0.66241672793219 0.021204700319803
v -0.134044076525981 0.462544825512483 -0.057002213181558 0.065680535341145
v 0.002855703813585 0.082447560358128 0.287608589173088 0.18150455948372
v -0.015088573501596 -0.538431054379643 0.347367675897225 0.18035561737293
v -0.001283672243514 -0.634366208111432 0.454422916570885 0.164944437230266
v -0.10962886593583 -0.593467109388671 -0.204415888983179 0.057896669181952
v -0.238406619664511 -0.689875230689401 0.623585752284135 0.025921374502276
v -0.113270384781873 0.5231403889775 -0.06178330861017 0.054635679083449
v 0.002555096593684 0.31780240793543 0.281543588022034 0.169072551282523
v 0.134924125012807 0.443758383556504 0.167197750445581 0.120378081180649
v 0.15330284010723 -0.091196948746661 0.376505071549707 0.033705900388075
v -0.138487403373309 -0.818231900122653 0.623928287603691 0.031285864799219
v -0.088059181700425 -0.750029844559756 -0.397292143886938 0.040680616443141
v -0.182168076469526 -0.776752643706975 0.568912376323393 0.023869097450494
v -0.116429783451226 -0.857424074086112 -0.518645381761743 0.036704036638279
v -0.061080491440596 -0.192158707228282 0.270313516962234 0.156590130079147
v 0.001157434970178 -0.208886984690861 0.443014553472136 0.081225681031204
v 0.007512131994674 0.131252848055478 0.27343536814377 0.183020483406258
v -0.02626423751243 -0.830422649234006 0.704262747479117 0.125478577579471
v 0.085108855519922 0.408615886489903 0.244601912989894 0.154570789268064
v -0.104201865184672 -0.412842942463618 0.053700681395513 0.135712336357487
v -0.000280852805587 -0.726813880600896 0.57056414445667 0.137052957795025
v -0.212180438450879 -0.71681223467075 0.804325086611543 0.020212390797777
v -0.120677782554315 0.522624467984602 -0.12480617203121 0.05743690880393
v -0.099507841609152 -0.664022305852998 -0.274078740123855 0.050251299054833
v 0.077834354755162 0.479714516093524 0.312086601525406 0.122144845294702
v 0.001216189564451 0.218701166708803 0.331059631151375 0.169892834635365
v -0.095059606290581 -0.382390147627102 0.099811367993884 0.163776032868809
v 0.000206534293973 -0.654591437529337 0.484934087784529 0.159723288597949
v 0.141277492705348 0.393818452278616 0.076252549921911 0.062456696471659
v 0.000415112954438 -0.927326102008695 0.738236796123634 0.119725089366548
v 0.190460650634835 -0.755614275500031 0.828897432768747 0.02522701378443
v 0.057757606167477 0.253092924019858 0.2313540311941 0.12208167944293
v 0.250236355529914 -0.669952449318613 0.729394860129285 0.022669404715087
v -0.082076280603911 -0.44536598267415 0.048154887998509 0.114802528521768
v -0.094320504504401 -0.341369222406338 0.065824680304491 0.147322554729414
v -0.085202666628896 -0.258940305676625 0.047856599150361 0.128424271911063
v 0.212219235945656 -0.723726966010488 0.575495827630531 0.01840582996141
v 0.150501600362297 0.447812537898612 0.12592009612848 0.107727989198927
v 0.115902609670211 -0.171146347032734 -0.059679226444831 0.061122301851798
v 0.112536710565012 -0.132011810241085 0.027281013794265 0.067300882492782
v 0.00338463673036 0.596469068588976 0.535099686920328 0.043264931570909
v 0.222946280279228 -0.727519821242026 0.725871012388771 0.025058606815522
v -0.003774948781851 -0.459294272382626 0.302800103780617 0.201550892781979
v 0.088558363696567 -0.100359168478189 -0.403307736686864 0.037026572095696
v -0.192443207473061 -0.748867149090951 0.826221655897123 0.026029107457516
v -0.119098788730394 -0.590053610797043 -0.100413175339477 0.056104973549493
v -0.13594911044916 0.409028336140907 0.155818625647947 0.117574223849031
v 0.119475859067756 0.583471725197296 -0.017530865509486 0.054937509503746
v -0.069404592952702 0.31338831674595 0.237773237995191 0.129595679006723
v 0.0178201279066 0.819549401934122 0.874189124589124 0.067367697575611
v 0.014125187759152 0.683468202999015 0.66121924637586 0.0404518961134
v 0.011359102341927 0.806945860154724 0.962074063108882 0.059322946855306
v -0.212872633024966 -0.751763915298667 0.660751656164309 0.027851815401158
v 0.164342667235811 -0.795439805323025 0.577865924329851 0.020362746011055
v 0.018431573655462 0.474467190768786 0.196640018240178 0.118755976777261
v -0.067722466553211 -0.548642652712592 0.144681380132471 0.107867155514946
v 0.117978721251406 0.546951862929622 0.045943129617276 0.069259337219796
v 0.202627956124683 -0.770058802587379 0.71250161978602 0.02937271120903
v -0.104451977766806 -0.536062655686114 0.083265039802058 0.10509489218262
v -0.0014914283204 -0.704929354691505 0.60913031608519 0.149188258934771
v 0.002461311413508 -0.080966527847672 0.21585182959912 0.202778800664646
v -0.14572920325493 0.411679242516187 0.126289126718764 0.108328564406707
v -0.113390003760887 -0.599622023754706 -0.150744793833713 0.060663963167567
v 0.162312975701718 -0.804318564696849 0.669613576155874 0.039897782778389
v -0.194825717185777 -0.767143013519206 0.79762888928025 0.030032428196317
v -0.001940671669065 -0.903270574641055 0.742237853950979 0.127587058579867
v 0.006468988560685 -0.127905940061941 0.444874624577624 0.058290485706267
v 0.23107340505677 -0.696849691830745 0.638155025554169 0.024518152142154
v 0.043735687704201 -0.329419022758604 0.306241001264524 0.190730408604865
v 0.092390013336712 0.759665327731533 -0.29286980399916 0.036527694647665
v 0.019611541341048 -0.679644808416147 0.686592592613817 0.097313969182411
v -0.027142706636561 0.444254645589837 0.253947709176216 0.172283186188127
v -0.0044837271787 0.518456728577884 0.140854877689181 0.073169016862364
v -0.039927515579612 -0.450536713546312 -0.046927379611188 0.037728132665385
v -0.005377632274583 -0.434116716370869 0.263083551798639 0.207883074561242
v 0.106078981470024 0.25936792204876 0.232255246774498 0.085046229189705
v -0.093202160510254 0.619368512431235 -0.322575484416428 0.037940052276575
v -0.21900648321294 -0.727656060572894 0.702810065066752 0.025526454550615
v 0.004468686641598 0.066839676335269 0.390855669357212 0.110923417909642
v -0.002483297728288 -0.448925750038226 0.425154328211056 0.130971621950929
v -0.221709219111098 -0.700800369956335 0.596248564086346 0.020938082994877
v -0.015747023522102 -0.571748909328192 0.446362754717402 0.172289643213014
v -0.098842259198653 0.571693478776149 -0.149167806110681 0.046891329150209
v -0.101845951613567 0.497237938895328 -0.518053796209488 0.046360874193201
v 0.004380340981444 0.442927538383643 0.283557216286894 0.18170341862115
v -0.095084351884821 0.600545489018718 -0.368098391092878 0.037575099740559
v 0.012229359927283 -0.712855472683438 0.702964912042503 0.114282855616153
v 0.141726130717308 0.4922037668132 0.004964430327012 0.077449483166683
v 0.133264403840866 0.545520313423449 -0.062471873354874 0.061733323899532
v -0.056237050400487 -0.194953638117983 0.111003962358954 0.158927354527216
v -0.042882891173204 0.189363615463262 0.265532829744926 0.150102317871003
v -0.087719108902956 -0.785152964093806 -0.468518095171649 0.037086960181001
v -0.051333715541733 -0.466045606751916 0.194986516162388 0.169908836894552
v -0.009310673131747 -1.037043086169866 0.572206586123468 0.072934297436354
v -0.000422347276218 -0.661799907587997 0.524913968919752 0.161208246630034
v 0.102250727970823 0.767388819900691 -0.54136591334427 0.040927443133889
v -0.08734165741401 0.634301238645501 -0.18243053209233 0.032183396388454
v -0.227667986426512 -0.701565967307208 0.731869631271523 0.025985615224597
v 0.120727769980636 0.40113155300342 0.204543564819101 0.125095309844932
v 0.092843109036947 -0.147097581166951 -0.277024798598878 0.046935377861128
v 0.004068947937293 0.148889541873322 0.31582122944484 0.17863569983178
v -0.044612408865256 -0.297659998907351 -0.053822305351035 0.054524339433601
v 0.086630511765984 -0.185105503797756 -0.550816068039879 0.036531492606047
v 0.03151613626201 -0.523940071838991 0.333655314404538 0.169321179588037
v -0.005105113858745 -0.856889190482817 0.744172345162145 0.146728735464277
v -0.140053647942226 -0.516655758440839 -0.017974695501458 0.067396103867767
v 0.010872086803798 0.11365822431305 0.261661425302019 0.176297430232131
v 0.124690452205613 -0.213120131643853 0.000742042719182 0.061113112498172
v -0.067001332825498 -0.583902571408593 0.212256609478652 0.100110430339615
v -0.037197427511761 -0.374684285606092 -0.078590708319828 0.032986019339239
v 0.016076481316096 0.721947481147003 0.743464775538915 0.049066940801998
v 0.011752002042943 0.824706318642291 1.028027259064142 0.054544355034512
v 0.086076846076406 -0.126629462296909 -0.512779766933459 0.043905895466601
v -0.088342839032032 -0.308171571476155 0.051976406467813 0.140224744127173
v -0.251869631878787 -0.664604516841725 0.717925867311408 0.023869137961441
v -0.138518914903667 -0.816018969505619 0.840739805260755 0.049816319518571
v -0.143618565835852 0.387555346478909 0.093239538004851 0.089198636180191
v -0.093203186546112 0.622493005102736 -0.273030392775096 0.042365104484176
v 0.000687706717025 -1.088922604908945 0.654261378074124 0.055594579485574
v 0.004225934226406 0.005290320744099 0.237707486432915 0.187956022512528
v 0.001788500045406 -0.330842916701818 0.309657306562127 0.216968645001256
v -0.08718314782775 0.484662393000069 0.162364912459766 0.102681058506721
v -0.100388890102916 0.573747680353745 -0.443671252951617 0.040742668330334
v -0.164198657554649 -0.80888397783174 0.688252699819467 0.03470790184881
v 0.156553731374324 -0.815318753890505 0.611989607817844 0.028969228003521
v 0.014477688111272 0.826833230929064 0.976092252525976 0.060197848841227
v 0.088622693354923 -0.131995147699017 -0.38350280880895 0.036275497487861
v 0.092359510390601 0.368130877471342 0.220238651066888 0.129153367251435
v -0.050221166105058 -0.636412978123874 0.641647931034729 0.079631273754306
v 0.12906369569476 0.578660794426468 -0.084722649305281 0.060309256078865
v 0.000885430728499 -0.795324723507517 0.565134035018862 0.113776727101908
v -0.101426875030249 0.500341924666465 0.086448879354223 0.069837044178144
v 0.000797959024735 -0.962948026789996 0.760657644966024 0.0947008382368
v 0.002107863182929 0.49961855129922 0.488363066557058 0.053977897958289
v 0.018209587844552 0.820917453330595 0.907891817208071 0.067817213908178
v -0.002783019356258 0.367355049444547 0.28092224054743 0.184346297732338
v 0.011200133352295 0.800833077835938 1.012480693555597 0.05185977403647
v -0.002293853432748 -0.554228901634945 0.383490734989978 0.194174634809617
v 0.000955339849776 0.112833345848933 0.29915654227136 0.176672753679534
v 0.005609720266425 -0.168971433412592 0.212474596169451 0.222474968201794
v -0.192603975629346 -0.776453374791751 0.663771378757808 0.027730506203463
v -0.005583375887599 -0.619815819916035 0.487409570414733 0.170583288082185
v 0.089706964038915 -0.798936847412674 0.824779274125873 0.062955652860182
v -0.00013101535423 -1.166375537310535 0.624781927013384 0.051549683548197
v -0.144640844084887 0.39916344883745 0.044153456569656 0.078322210117038
v -0.042087985930207 -0.569255188090316 0.012477987203678 0.03588459754072
v -0.022027907439809 -0.377819889278894 0.233029963007455 0.226647625712053
v 0.008882415660331 0.628262581611208 0.584075038756056 0.041514620318696
v -0.075605824943537 0.403620240693926 0.345455836288703 0.135206769249584
v -0.001898890677189 -0.015364104760283 0.26498687612876 0.187051594645074
v -0.005950257358191 -0.568430580132526 0.405836697077857 0.188904917983874
v -0.070845602642092 -0.317454894308983 0.121900140888875 0.175739089216265
v 0.105041289127224 0.674914645578846 -0.153067678857264 0.046757180369345
v -0.099671766030056 0.430208337702739 0.198239299056327 0.137806098043025
v -0.000703037073535 0.447107319119156 0.455852257599787 0.071753046936468
v 0.010286343899314 0.804226350081934 1.080996912188846 0.045690580404599
v 0.003559862624572 -0.260498661390617 0.2814136182465 0.216707846716357
v -0.08525492872557 -0.811852501699007 -0.459838405507803 0.036814634125158
v 0.002839068012716 -0.296115142112624 0.218789623149994 0.229101256016733
v 0.003003809473928 -0.162833058822229 0.237549337441697 0.220994485758228
v 0.222070780808653 -0.708482749529904 0.780785917460253 0.02333811032511
v 0.002899173686877 0.326698087654236 0.324464937248761 0.175911411845204
v -0.135411841835925 -0.446457390863252 -0.039983652454043 0.063133221511504
v -0.148983049921554 0.421854815932788 0.058584813649982 0.086141317346821
v -0.003058025780349 -0.594450937704664 0.434108470497425 0.181554687851713
v -0.003943579641833 -0.801884514467603 0.676731936423727 0.148120599381297
v 0.104570572831385 0.70819641925492 -0.194648358833034 0.040214959155993
v -0.091769309791579 -0.683484095389632 -0.383152565451912 0.039834500142719
v -0.096703292432876 -0.654856298975468 -0.323666698567414 0.045902692215132
v 0.01504790311491 -0.780389197672914 0.698000617912276 0.146594903400343
v 0.185112771985854 -0.7708715411836 0.574938748053264 0.024342534789851
v 0.085975460610181 -0.103490730491404 -0.340939281641901 0.039830659624683
v 0.111546305963945 0.645049435674879 -0.12703747539958 0.054943615540537
v 0.001121388614464 -0.649203828422895 0.507994786888057 0.163996571738307
v -0.117636990362242 0.517830772577097 -0.521577861757932 0.040894573514831
v -0.208442779560059 -0.751678461292754 0.608357797028151 0.029986903265853
v -0.245768158392307 -0.674213982077861 0.683817512267762 0.024754448887533
v 0.208860219720612 -0.740745683094341 0.609489150125311 0.029263175283727
v -0.129820949568919 0.49229577164824 -0.099331183550772 0.060329959872529
v -0.005910092205017 0.269752882079523 0.28258326273944 0.175072477415358
v -0.171838364715171 -0.784188365510478 0.845572255016428 0.028179149546052
v -0.002867144209126 -0.865914515021394 0.635746407355948 0.11306881522333
v -0.134258721962155 -0.584616513552617 0.015986247658728 0.058889455491207
v -0.117185537844188 0.501145524685042 -0.000439462031268 0.068017037835874
v 0.081669832165526 0.533677355658422 0.13319981949945 0.072270720466664
v -0.074446192177982 -0.22788709265829 0.05128305454683 0.125080056065581
v 0.015654781364747 0.715099957860179 0.712021078382619 0.047377116725496
v -0.004605279808821 -0.447500444826546 0.319951656747891 0.199333828753971
v -0.010688154094488 -0.559613752485889 0.400703093325301 0.188645725402077
v -0.000363517963699 -0.215849325317917 0.211343282288289 0.226170002525207
v -0.004828363223004 0.387752318100013 0.353769262593783 0.155077851652083
v -0.247411067551778 -0.660108526124238 0.650053071240025 0.018975546519578
v -0.010827291843099 -0.59569895052768 0.464643746735985 0.171627078209337
v -0.220483998457725 -0.710395569886382 0.775771971986598 0.02197641395582
v 0.000996601846865 -0.68019433973517 0.570368664115786 0.1553690672657
v 0.098230991356018 -0.109149649160583 -0.217522228260959 0.046177245659775
v -0.028020613677022 -0.0652280000399 0.285834303565213 0.157631349057437
v 0.235955808195197 -0.694076547061867 0.686541747092831 0.023896720517518
v -0.103683977834814 0.543288695126789 -0.519330147820798 0.045893661197346
v 0.088503573514857 -0.110670524948745 -0.513805051887952 0.045869178442943
v 0.171561793862494 -0.808447173165161 0.7558603657379 0.035600204606254
v 0.11166102012097 -0.122214512298017 -0.133893272069463 0.054015564300527
v 0.001679254871919 0.04162904351291 0.24643258533934 0.186578086389143
v 0.099802640133467 0.753809535467179 -0.427819892282084 0.041269415253252
v 0.102899932594077 0.772505225349737 -0.476810653176775 0.046732370971147
v 0.078387744350715 -0.266088583329365 0.218614195899088 0.179778712966109
v 0.092596918454028 -0.15736460486224 -0.530370348440127 0.046621243170696
v -0.010635193893832 -0.357745427555317 0.282837635975462 0.225183774992428
v -0.098500899235627 0.592357324922336 -0.392487898990351 0.03783277433865
v 0.01828451148213 0.789981473517776 0.819009672113642 0.068109851269856
v 0.00385554520213 0.578671840129573 0.565951511411965 0.045011958493272
v -0.000323220104362 -0.133095956456669 0.189421697556305 0.206024933655365
v -0.113794124183024 0.399181457143384 0.215129898425872 0.138956800934905
v 0.001962673940712 -0.983784392834707 0.580530521457692 0.07995853065222
v 0.015268201865722 0.76171560538032 0.763312112357714 0.05436277055024
v -0.083691679711739 -0.456324390702894 0.142951151913114 0.163478503556649
v 0.015081040002183 -0.778087188141233 0.77483100542214 0.11897590692934
v 0.10729949939192 -0.153557088583155 -0.149425612839831 0.056768840761311
v 0.000209985790704 0.024638693629503 0.283060103742107 0.176911235791365
v 0.094330624853842 0.750143730522973 -0.234288626822042 0.040233177908998
v -0.115281120612133 -0.540978018084552 -0.163767148140431 0.04985151048548
v -0.151807117309639 -0.810655126338342 0.654256122336483 0.034484261387241
v 0.101676043054385 -0.200581727493466 0.140627215867851 0.145458237880116
v 0.103154216608461 -0.27445445879111 0.129671121708077 0.130585651271324
v 0.070517209582912 -0.074763050728534 0.306101448470615 0.127805220521688
